3.00 50000.00 10.00 100.00 0.00 0.01 51.39 15.02 91.43 50.18 41.78 100.00 52.56 95.32 1.26 iris_0 
4.00 50000.00 10.00 100.00 0.00 0.01 68.92 16.53 91.84 51.29 30.73 91.74 50.61 89.32 3.50 Ionosphere_0 
5.00 50000.00 10.00 100.00 0.00 0.01 83.78 20.79 97.14 83.55 27.85 99.52 40.18 89.71 2.78 Cancer_0 
6.00 50000.00 10.00 100.00 0.00 0.01 78.39 1.34 80.11 77.49 0.90 79.45 49.13 61.59 27.71 bank-additional_0 
7.00 50000.00 10.00 100.00 0.00 0.01 76.67 17.44 95.24 71.93 16.59 90.62 45.60 50.72 57.13 PenDigit_0 
8.00 50000.00 10.00 100.00 0.00 0.01 89.48 17.46 100.00 90.06 15.93 100.00 48.09 69.09 252.56 chess_0 
3.00 50000.00 10.00 300.00 0.00 0.01 63.83 15.87 93.33 60.18 15.07 92.86 48.20 95.17 1.86 iris_1 
4.00 50000.00 10.00 300.00 0.00 0.01 70.73 12.78 90.20 60.55 23.69 95.41 54.43 89.07 4.23 Ionosphere_1 
5.00 50000.00 10.00 300.00 0.00 0.01 79.65 16.92 96.93 89.62 10.30 99.52 42.86 90.57 3.27 Cancer_1 
6.00 50000.00 10.00 300.00 0.00 0.01 78.20 2.91 80.17 78.27 2.64 80.12 44.19 61.20 59.85 bank-additional_1 
7.00 50000.00 10.00 300.00 0.00 0.01 83.20 7.20 93.13 78.68 6.65 89.02 52.32 50.43 58.13 PenDigit_1 
8.00 50000.00 10.00 300.00 0.00 0.01 74.08 21.97 100.00 75.43 21.17 100.00 53.25 70.54 208.67 chess_1 
3.00 50000.00 10.00 500.00 0.00 0.01 61.97 17.93 93.33 58.57 13.07 88.89 44.30 95.03 1.75 iris_2 
4.00 50000.00 10.00 500.00 0.00 0.01 65.60 13.48 84.90 52.30 27.05 94.50 51.11 91.35 4.33 Ionosphere_2 
5.00 50000.00 10.00 500.00 0.00 0.01 81.34 16.02 96.52 90.14 10.41 100.00 44.30 91.11 3.39 Cancer_2 
6.00 50000.00 10.00 500.00 0.00 0.01 76.07 8.16 80.07 75.80 8.38 79.76 45.68 64.53 55.88 bank-additional_2 
7.00 50000.00 10.00 500.00 0.00 0.01 78.64 19.46 93.89 74.00 17.98 87.34 42.86 49.77 59.39 PenDigit_2 
8.00 50000.00 10.00 500.00 0.00 0.01 84.50 18.87 100.00 84.22 19.20 100.00 51.65 69.59 334.31 chess_2 
3.00 50000.00 10.00 700.00 0.00 0.01 57.29 18.77 91.43 64.74 16.54 91.03 47.06 95.53 1.67 iris_3 
4.00 50000.00 10.00 700.00 0.00 0.01 63.68 15.42 88.98 37.70 28.85 89.91 47.83 90.51 4.38 Ionosphere_3 
5.00 50000.00 10.00 700.00 0.00 0.01 89.31 11.38 97.14 93.99 7.33 99.52 48.57 91.04 3.35 Cancer_3 
6.00 50000.00 10.00 700.00 0.00 0.01 78.60 1.28 80.08 78.49 1.23 79.91 48.57 62.14 62.40 bank-additional_3 
7.00 50000.00 10.00 700.00 0.00 0.01 84.61 7.34 94.54 79.65 6.54 89.79 50.00 49.18 59.06 PenDigit_3 
3.00 50000.00 10.00 100.00 0.00 0.01 59.58 14.72 91.43 36.12 41.92 100.00 80.67 58.45 0.41 iris_4 
4.00 50000.00 10.00 100.00 0.00 0.01 72.15 7.84 86.12 72.60 13.04 97.25 99.11 42.56 2.24 Ionosphere_4 
5.00 50000.00 10.00 100.00 0.00 0.01 87.49 17.17 96.52 89.73 22.48 99.52 74.00 26.58 1.65 Cancer_4 
5.00 10000.00 10.00 20.00 0.00 0.01 78.33 13.48 95.30 85.82 9.57 99.05 87.33 25.57 0.36 Cancer_5 
5.00 10000.00 10.00 20.00 0.00 0.01 70.75 16.83 94.27 79.54 19.44 98.57 68.44 19.25 0.36 Cancer_6 
5.00 10000.00 10.00 20.00 0.00 0.01 83.87 15.12 96.93 91.66 11.12 99.05 72.89 19.66 0.35 Cancer_7 
5.00 10000.00 10.00 20.00 0.00 0.01 71.58 21.71 93.87 70.11 31.46 98.10 74.00 18.91 0.38 Cancer_8 
5.00 10000.00 10.00 20.00 0.00 0.01 60.33 0.00 60.33 77.62 0.00 77.62 78.44 96.11 1.52 Cancer_20 
5.00 10000.00 10.00 20.00 0.00 0.01 78.80 17.03 94.89 85.65 20.03 99.05 68.67 21.19 1.57 Cancer_24 
5.00 10000.00 10.00 20.00 0.00 0.01 74.45 13.03 96.32 86.84 11.89 99.52 67.11 28.33 1.56 Cancer_25 
5.00 10000.00 10.00 20.00 0.00 0.01 82.05 16.24 95.91 88.88 12.41 98.57 76.00 20.74 1.57 Cancer_26 
5.00 10000.00 10.00 20.00 0.00 0.01 79.15 14.13 96.52 87.06 11.79 99.05 68.67 33.52 1.55 Cancer_27 
5.00 10000.00 10.00 20.00 0.00 0.01 74.87 18.81 95.30 84.09 22.02 99.05 66.22 21.46 1.59 Cancer_30 
5.00 10000.00 10.00 20.00 0.00 0.01 78.57 19.04 95.71 84.99 23.44 99.52 70.00 22.44 1.54 Cancer_32 
5.00 10000.00 10.00 20.00 0.00 0.01 71.08 12.54 93.46 83.59 10.83 99.52 65.78 27.93 0.38 Cancer_33 
5.00 10000.00 10.00 20.00 0.00 0.01 62.12 21.55 96.52 62.61 30.93 98.57 73.33 25.27 1.52 Cancer_35 
5.00 10000.00 10.00 20.00 0.00 0.01 75.62 19.91 96.11 82.89 23.12 99.05 71.11 20.65 0.38 Cancer_36 
5.00 10000.00 10.00 20.00 0.00 0.01 83.56 11.61 96.11 91.20 8.80 99.52 70.22 28.06 1.53 Cancer_37 
